{"table": {"width": 2.7, "lenght": 5.1, "center": [0.02, -2.615, -0.86], "net_height": 0.1525}, "ball_model": {"P0": [[0.2123104581047822, -2.7940600441543576e-05, -2.446553066377548e-05, 8.776559362946573e-06, -1.4608687092935238e-05, 3.911838888896215e-05], [-2.7940600441543576e-05, 0.8498317859530201, 4.129951861530663e-05, -4.6273974992595105e-05, 2.4286824268412793e-05, -0.0003104513408082605], [-2.446553066377548e-05, 4.129951861530663e-05, 0.8492968121305261, -5.749187651807187e-05, 5.276788663293102e-05, -0.00010840620150669693], [8.776559362946573e-06, -4.6273974992595105e-05, -5.749187651807187e-05, 0.8509011980249893, -2.7782745778493905e-05, -5.900860569670416e-06], [-1.4608687092935238e-05, 2.4286824268412793e-05, 5.276788663293102e-05, -2.7782745778493905e-05, 0.2123427496244723, -8.281763836230014e-05], [3.911838888896215e-05, -0.0003104513408082605, -0.00010840620150669693, -5.900860569670416e-06, -8.281763836230014e-05, 0.8506997246633476]], "airDrag": [0.5260342678189072, 0.4692416062736474, 0.08136711295972128], "fly_trans_noise": [[9.503980314839252e-06, -4.472532364074105e-06, -2.8415069909762585e-05, 1.3544620310610253e-05, -4.458962637619561e-06, 3.2476872928392207e-07], [-4.472532364074105e-06, 4.76999331253264e-06, 1.5865391358053997e-05, -7.595488990537409e-06, 2.059090297266767e-06, -1.2227457193718156e-07], [-2.8415069909762585e-05, 1.5865391358053997e-05, 0.00010297578415483439, -4.823412112694083e-05, 1.564628751150628e-05, -9.534360130976394e-07], [1.3544620310610253e-05, -7.595488990537409e-06, -4.823412112694083e-05, 2.54456351528686e-05, -8.275461747891489e-06, 5.490418407050051e-07], [-4.458962637619561e-06, 2.059090297266767e-06, 1.564628751150628e-05, -8.275461747891489e-06, 4.4537817222867825e-05, -3.699451555037861e-06], [3.2476872928392207e-07, -1.2227457193718156e-07, -9.534360130976394e-07, 5.490418407050051e-07, -3.699451555037861e-06, 2.550131945443665e-06]], "bounce_trans_noise": [[9.503980314839252e-06, -4.472532364074105e-06, -2.8415069909762585e-05, 1.3544620310610253e-05, -4.458962637619561e-06, 3.2476872928392207e-07], [-4.472532364074105e-06, 4.76999331253264e-06, 1.5865391358053997e-05, -7.595488990537409e-06, 2.059090297266767e-06, -1.2227457193718156e-07], [-2.8415069909762585e-05, 1.5865391358053997e-05, 0.00010297578415483439, -4.823412112694083e-05, 1.564628751150628e-05, -9.534360130976394e-07], [1.3544620310610253e-05, -7.595488990537409e-06, -4.823412112694083e-05, 2.54456351528686e-05, -8.275461747891489e-06, 5.490418407050051e-07], [-4.458962637619561e-06, 2.059090297266767e-06, 1.564628751150628e-05, -8.275461747891489e-06, 4.4537817222867825e-05, -3.699451555037861e-06], [3.2476872928392207e-07, -1.2227457193718156e-07, -9.534360130976394e-07, 5.490418407050051e-07, -3.699451555037861e-06, 2.550131945443665e-06]], "gravety": -9.8, "bounceFac": [0.8994337359638158, 0.9015547051690135, 0.8001802441717095], "deltaT": 0.016, "mu_0": [0.4972249039899484, -1.3564728832418171, -3.5331713547508237, 4.454804805396874, -0.5613872089761416, 2.27029692851116], "bounce_obs_noise": [[5.424078865888248e-05, -2.2876404267295068e-05, -4.1617448294131767e-07], [-2.2876404267295068e-05, 0.00012523112786596988, 4.32777004274503e-06], [-4.1617448294131767e-07, 4.32777004274503e-06, 8.899306825083156e-05]], "fly_obs_noise": [[5.424078865888248e-05, -2.2876404267295068e-05, -4.1617448294131767e-07], [-2.2876404267295068e-05, 0.00012523112786596988, 4.32777004274503e-06], [-4.1617448294131767e-07, 4.32777004274503e-06, 8.899306825083156e-05]], "model": "LGBM1"}}
