{"duration": 0.9, "min_z": -0.7, "promp": {"model": {"mu_w": [-0.16295734519591684, -0.052298362682841965, -0.17718783381650094, -0.05857807836492564, -0.1304096056329774, 0.71543624193419, -1.1735535427449004, 0.5551400407138638, 0.15939726255632986, 0.6046120192955381, 0.2142110100411048, 0.41777855181858325, -4.908986333706803, 4.095983104903413, 0.2878930328672684, 0.3848450472531429, -0.16768868163462797, 0.08605841018686512, 0.4157439218352671, -0.7646404857437332, -0.2030319888199212], "Sigma_y": [[1.4114663024189411e-06, 0.0, 0.0], [0.0, 1.2484856734665722e-05, 0.0], [0.0, 0.0, 0.0001424251988195878]], "Sigma_w": [[0.0008793254745663975, -3.340965490768675e-05, 0.0011128647511304273, 7.82720361150905e-05, 0.0006066069654102492, -0.0035266923531176303, 0.004092129140692267, -0.0006532651293837497, -0.000131573306780246, -0.0009515856574497929, -1.9381626340185767e-05, -0.0006008031475564085, 0.005334737520043956, -0.003227446387022095, -0.0030769792100598247, 0.0005106825445276297, -0.008640215495203753, 0.006828581270872339, -0.00781302619587604, 0.004901637101325515, -0.0005364588723587203], [-3.340965490768675e-05, 0.00012141567094632979, -5.446617578307797e-05, 6.750281474618441e-05, -8.747318668562378e-05, -0.0002187696505050178, 0.0008453689509439518, 0.00019538426842904692, -8.594807737924374e-05, 0.00033696665551748704, -3.8406121298571974e-05, 0.00046528448796512994, -0.00014241222523168193, -0.00020284187526540824, 0.000991776191727543, -0.0012233291348500398, 0.0013714292223902522, -0.0006778735157878684, 0.00032673621711175625, -0.0004993483832399687, 0.00036529719993590024], [0.0011128647511304273, -5.446617578307797e-05, 0.0015073418035998747, 5.617060937458071e-05, 0.0007917678722440039, -0.004989298040116833, 0.005278111027010013, -0.000893415419504666, -0.00020739705865091654, -0.0013327375500464312, -7.37796192423491e-05, -0.0006822172106818922, 0.008006324762982749, -0.005556394946331869, -0.00415227809949962, 0.0002142212645870518, -0.012621760490605668, 0.01033565467829318, -0.0119090135749506, 0.007144516550473273, -0.000619276947124607], [7.82720361150905e-05, 6.750281474618441e-05, 5.617060937458071e-05, 0.00011239009870906723, 2.962751917798561e-06, -0.00020890584376335647, 0.0008670501792244071, 0.0001916812730623117, 6.786448968164457e-08, 0.0002581079148930109, 5.808799430736591e-05, 0.00016501271698715473, -0.0011540077867213542, 0.0008073622210107992, 0.00025581339254506636, -0.0001046333995534883, 0.000759063142449785, -0.0006744003838720666, 0.0006774134490987546, -0.00035771616597611285, 7.528976464804096e-05], [0.0006066069654102492, -8.747318668562378e-05, 0.0007917678722440039, 2.962751917798561e-06, 0.0005710412981435186, -0.0022099224150897556, 0.0022947870292099977, -0.0006813955217042563, 0.00013540351428268594, -0.0011169777884761614, 0.00014750270646758705, -0.0011295989758405823, 0.0026427661182838185, -0.0010904815226181754, -0.002700404989740118, 0.0014921335623635569, -0.006249634844553383, 0.004529381507222318, -0.004624479866468442, 0.0032863934622143977, -0.0007194068849129173], [-0.0035266923531176303, -0.0002187696505050178, -0.004989298040116833, -0.00020890584376335647, -0.0022099224150897556, 0.02137854563758727, -0.022150428339425602, 0.0024158245267767676, 0.0016359144791680007, 0.003586634529972693, 0.0008498033323958125, -0.00035601473993171023, -0.036947898684114446, 0.028429113311099343, 0.012804769832585008, 0.005449000013224487, 0.047825803320685964, -0.041912400526513474, 0.05050574234448803, -0.028209629919225872, 0.0007165949788703822], [0.004092129140692267, 0.0008453689509439518, 0.005278111027010013, 0.0008670501792244071, 0.0022947870292099977, -0.022150428339425602, 0.031296693487688654, -0.0012380217570577908, -0.0016107614245912153, -0.0019610358710563927, -0.0004983413588238006, 0.0013098784480999512, 0.030220816766133383, -0.021613957807333117, -0.009114042873171625, -0.007844018301874572, -0.039263470832754194, 0.035249827411558146, -0.04405634067411361, 0.02412111367873718, 0.000357826559628444], [-0.0006532651293837497, 0.00019538426842904692, -0.000893415419504666, 0.0001916812730623117, -0.0006813955217042563, 0.0024158245267767676, -0.0012380217570577908, 0.0017656566243395167, -6.870242357972873e-05, 0.002315507490497655, 7.788035721198591e-05, 0.0017788447665392356, -0.007255549428762259, 0.004026152183298307, 0.002999479361404884, -0.0006549032142102724, 0.008310534644069336, -0.006647595001686387, 0.007240744949080078, -0.004758178768347446, 0.0009108832618550015], [-0.000131573306780246, -8.594807737924374e-05, -0.00020739705865091654, 6.786448968164457e-08, 0.00013540351428268594, 0.0016359144791680007, -0.0016107614245912153, -6.870242357972873e-05, 0.000607238139755545, -0.0003018155135718758, 0.000481493698213152, -0.0011777128160255588, -0.006387500118958103, 0.005072653401410687, 9.361505086230229e-05, 0.0024151905071450775, 0.0034849720486408555, -0.0038594120997065312, 0.005499574727497991, -0.0025971480695989955, -0.0002954533631506502], [-0.0009515856574497929, 0.00033696665551748704, -0.0013327375500464312, 0.0002581079148930109, -0.0011169777884761614, 0.003586634529972693, -0.0019610358710563927, 0.002315507490497655, -0.0003018155135718758, 0.0034472279501911243, -0.00012005283657896017, 0.0031046170571387573, -0.00851682275194204, 0.004243071266528029, 0.005975553761086708, -0.0031949837462681243, 0.014011211654835938, -0.010375968718927332, 0.010469184492391122, -0.007445787527996752, 0.0018506128423104707], [-1.9381626340185767e-05, -3.8406121298571974e-05, -7.37796192423491e-05, 5.808799430736591e-05, 0.00014750270646758705, 0.0008498033323958125, -0.0004983413588238006, 7.788035721198591e-05, 0.000481493698213152, -0.00012005283657896017, 0.000453415269794883, -0.0008793752223639175, -0.005344016743772413, 0.004267414148870546, -0.00013466368516367193, 0.002004510926848464, 0.0022170480756172448, -0.0026530674518681113, 0.003924359280539771, -0.0018001643863753687, -0.00023028711181361788], [-0.0006008031475564085, 0.00046528448796512994, -0.0006822172106818922, 0.00016501271698715473, -0.0011295989758405823, -0.00035601473993171023, 0.0013098784480999512, 0.0017788447665392356, -0.0011777128160255588, 0.0031046170571387573, -0.0008793752223639175, 0.004674405926451573, 0.004049237909340816, -0.006701497486040498, 0.0056145803156566285, -0.008363030396989051, 0.005333565742961755, -0.000856070004594594, -0.0024185100408482475, -0.0015188475569892495, 0.0026586928434442735], [0.005334737520043956, -0.00014241222523168193, 0.008006324762982749, -0.0011540077867213542, 0.0026427661182838185, -0.036947898684114446, 0.030220816766133383, -0.007255549428762259, -0.006387500118958103, -0.00851682275194204, -0.005344016743772413, 0.004049237909340816, 0.1227469258925741, -0.08598370807639917, -0.022605949183828442, -0.022062412740197265, -0.1006682862523418, 0.09310027928144607, -0.11600080508843633, 0.06229632323317167, -0.0007467598639726442], [-0.003227446387022095, -0.00020284187526540824, -0.005556394946331869, 0.0008073622210107992, -0.0010904815226181754, 0.028429113311099343, -0.021613957807333117, 0.004026152183298307, 0.005072653401410687, 0.004243071266528029, 0.004267414148870546, -0.006701497486040498, -0.08598370807639917, 0.07212258135103342, 0.014927313356207724, 0.02165439332445224, 0.07779246656350065, -0.07427022068483365, 0.09405338081667546, -0.0481464776376073, -0.0020084891606060545], [-0.0030769792100598247, 0.000991776191727543, -0.00415227809949962, 0.00025581339254506636, -0.002700404989740118, 0.012804769832585008, -0.009114042873171625, 0.002999479361404884, 9.361505086230229e-05, 0.005975553761086708, -0.00013466368516367193, 0.0056145803156566285, -0.022605949183828442, 0.014927313356207724, 0.036705020408809484, -0.027191698244998695, 0.06929114743003847, -0.044534336652155324, 0.044498097418572864, -0.03552606640586223, 0.010059476009372683], [0.0005106825445276297, -0.0012233291348500398, 0.0002142212645870518, -0.0001046333995534883, 0.0014921335623635569, 0.005449000013224487, -0.007844018301874572, -0.0006549032142102724, 0.0024151905071450775, -0.0031949837462681243, 0.002004510926848464, -0.008363030396989051, -0.022062412740197265, 0.02165439332445224, -0.027191698244998695, 0.03801828582755899, -0.023950280140475212, 0.0021683614681682773, 0.008527932805428693, 0.007775870218778332, -0.010813156770942765], [-0.008640215495203753, 0.0013714292223902522, -0.012621760490605668, 0.000759063142449785, -0.006249634844553383, 0.047825803320685964, -0.039263470832754194, 0.008310534644069336, 0.0034849720486408555, 0.014011211654835938, 0.0022170480756172448, 0.005333565742961755, -0.1006682862523418, 0.07779246656350065, 0.06929114743003847, -0.023950280140475212, 0.17564382582485727, -0.13479627995183394, 0.15051083924283434, -0.095888868577414, 0.013460968740666065], [0.006828581270872339, -0.0006778735157878684, 0.01033565467829318, -0.0006744003838720666, 0.004529381507222318, -0.041912400526513474, 0.035249827411558146, -0.006647595001686387, -0.0038594120997065312, -0.010375968718927332, -0.0026530674518681113, -0.000856070004594594, 0.09310027928144607, -0.07427022068483365, -0.044534336652155324, 0.0021683614681682773, -0.13479627995183394, 0.11156610834050681, -0.12923120450975087, 0.0755962550677505, -0.006127630848980069], [-0.00781302619587604, 0.00032673621711175625, -0.0119090135749506, 0.0006774134490987546, -0.004624479866468442, 0.05050574234448803, -0.04405634067411361, 0.007240744949080078, 0.005499574727497991, 0.010469184492391122, 0.003924359280539771, -0.0024185100408482475, -0.11600080508843633, 0.09405338081667546, 0.044498097418572864, 0.008527932805428693, 0.15051083924283434, -0.12923120450975087, 0.1536505549776309, -0.08643060002431263, 0.0038671748678257224], [0.004901637101325515, -0.0004993483832399687, 0.007144516550473273, -0.00035771616597611285, 0.0032863934622143977, -0.028209629919225872, 0.02412111367873718, -0.004758178768347446, -0.0025971480695989955, -0.007445787527996752, -0.0018001643863753687, -0.0015188475569892495, 0.06229632323317167, -0.0481464776376073, -0.03552606640586223, 0.007775870218778332, -0.095888868577414, 0.0755962550677505, -0.08643060002431263, 0.05381830907977709, -0.006509701020960438], [-0.0005364588723587203, 0.00036529719993590024, -0.000619276947124607, 7.528976464804096e-05, -0.0007194068849129173, 0.0007165949788703822, 0.000357826559628444, 0.0009108832618550015, -0.0002954533631506502, 0.0018506128423104707, -0.00023028711181361788, 0.0026586928434442735, -0.0007467598639726442, -0.0020084891606060545, 0.010059476009372683, -0.010813156770942765, 0.013460968740666065, -0.006127630848980069, 0.0038671748678257224, -0.006509701020960438, 0.004394108552745641]]}, "num_joints": 3, "basis": {"params": [-1.6094379124341003, 0.15, 0.3, 0.5, 0.7, 0.9], "conf": [{"type": "sqexp", "conf": {"dim": 5}, "nparams": 6}, {"type": "poly", "conf": {"order": 1}, "nparams": 0}]}}}