{"table": {"width": 1.526, "lenght": 2.74, "center": [0.0, -2.13, -0.88], "net_height": 0.1525}, "ball_model": {"P0": [[4.02810565939036e-05, -0.0001382503781625491, -0.00013386891800451007, 1.639782648974687e-05, -8.706306963121566e-05, 0.00023220818031681402], [-0.0001382503781625491, 0.003022635295175138, 0.00024386644259503064, 0.0018124161960941351, 0.0001552534050896905, -0.0018426063395655078], [-0.00013386891800451007, 0.00024386644259503064, 0.0004805003113462565, -0.00023710003341967213, 0.0003116723750121047, -0.0006845240610587533], [1.639782648974687e-05, 0.0018124161960941351, -0.00023710003341967213, 0.002763274581287684, -0.00015243090916653386, -0.0006999950907641252], [-8.706306963121566e-05, 0.0001552534050896905, 0.0003116723750121047, -0.00015243090916653386, 0.00020926713528892366, -0.0004578349606533871], [0.00023220818031681402, -0.0018426063395655078, -0.0006845240610587533, -0.0006999950907641252, -0.0004578349606533871, 0.0032664680339009908]], "airDrag": [0.5237047482834484, 0.46894541458137556, 0.08119056203997636], "fly_trans_noise": [[9.211603246638598e-06, -4.315820331101327e-06, -2.753549412694741e-05, 1.3146651003072144e-05, -4.566347767210311e-06, 3.3772488483383884e-07], [-4.315820331101327e-06, 4.711313667890219e-06, 1.5387846479606234e-05, -7.367790154495767e-06, 2.0523770667829524e-06, -1.2186716068782266e-07], [-2.753549412694741e-05, 1.5387846479606234e-05, 0.00010006382988478736, -4.69528380563583e-05, 1.629525453135601e-05, -1.004015064081799e-06], [1.3146651003072144e-05, -7.367790154495767e-06, -4.69528380563583e-05, 2.4865941463968013e-05, -8.505032474389803e-06, 5.643893843453083e-07], [-4.566347767210311e-06, 2.0523770667829524e-06, 1.629525453135601e-05, -8.505032474389803e-06, 4.4274577922561664e-05, -3.6847949710333616e-06], [3.3772488483383884e-07, -1.2186716068782266e-07, -1.004015064081799e-06, 5.643893843453083e-07, -3.6847949710333616e-06, 2.5491495449599607e-06]], "bounce_trans_noise": [[9.211603246638598e-06, -4.315820331101327e-06, -2.753549412694741e-05, 1.3146651003072144e-05, -4.566347767210311e-06, 3.3772488483383884e-07], [-4.315820331101327e-06, 4.711313667890219e-06, 1.5387846479606234e-05, -7.367790154495767e-06, 2.0523770667829524e-06, -1.2186716068782266e-07], [-2.753549412694741e-05, 1.5387846479606234e-05, 0.00010006382988478736, -4.69528380563583e-05, 1.629525453135601e-05, -1.004015064081799e-06], [1.3146651003072144e-05, -7.367790154495767e-06, -4.69528380563583e-05, 2.4865941463968013e-05, -8.505032474389803e-06, 5.643893843453083e-07], [-4.566347767210311e-06, 2.0523770667829524e-06, 1.629525453135601e-05, -8.505032474389803e-06, 4.4274577922561664e-05, -3.6847949710333616e-06], [3.3772488483383884e-07, -1.2186716068782266e-07, -1.004015064081799e-06, 5.643893843453083e-07, -3.6847949710333616e-06, 2.5491495449599607e-06]], "gravety": -9.8, "bounceFac": [0.8994516141052378, 0.9015754326853687, 0.8001752368412016], "deltaT": 0.016, "mu_0": [0.4971690560399544, -1.3553719172718328, -3.533398362679506, 4.455036600182792, -0.5612730106071026, 2.2730151180878386], "bounce_obs_noise": [[5.3691251768421125e-05, -2.294206799757333e-05, -6.71793397585501e-07], [-2.294206799757333e-05, 0.00012473455633139237, 4.999665793386828e-06], [-6.71793397585501e-07, 4.999665793386828e-06, 8.83905424215145e-05]], "fly_obs_noise": [[5.3691251768421125e-05, -2.294206799757333e-05, -6.71793397585501e-07], [-2.294206799757333e-05, 0.00012473455633139237, 4.999665793386828e-06], [-6.71793397585501e-07, 4.999665793386828e-06, 8.83905424215145e-05]], "model": "LGBM1"}}
